x	y	w	h	class	class_name	time
655	196	54	53	0	buba	1806
588	235	64	58	0	buba	1806
868	330	77	105	1	kiki	1806
690	262	89	104	1	kiki	1806
577	151	83	77	0	buba	1931
657	183	69	69	0	buba	1931
685	293	92	100	1	kiki	1931
858	302	95	169	1	kiki	1931
585	236	66	58	0	buba	1931
667	183	68	71	0	buba	2048
728	277	59	72	0	buba	2048
587	195	63	90	0	buba	2048
876	331	71	101	1	kiki	2048
675	195	72	70	0	buba	2165
676	306	83	95	1	kiki	2165
743	274	56	72	0	buba	2165
586	199	67	88	0	buba	2165
857	309	68	95	1	kiki	2165
553	187	78	94	0	buba	2281
722	281	61	67	0	buba	2281
650	190	68	74	0	buba	2281
653	289	85	121	1	kiki	2281
661	333	91	117	1	kiki	2398
646	199	66	67	0	buba	2398
814	270	79	110	1	kiki	2398
556	194	73	84	0	buba	2398
721	294	57	67	0	buba	2398
550	181	64	65	0	buba	2516
700	284	65	68	0	buba	2516
806	295	66	83	0	buba	2516
628	187	77	74	0	buba	2516
681	268	62	69	0	buba	2633
520	167	76	65	0	buba	2633
548	236	63	60	0	buba	2633
616	343	95	98	1	kiki	2633
501	183	75	82	0	buba	2747
667	260	58	71	0	buba	2747
607	324	106	110	1	kiki	2747
613	347	112	110	1	kiki	2866
770	272	83	105	1	kiki	2866
647	287	58	55	0	buba	2866
521	171	69	87	0	buba	2866
483	138	84	81	0	buba	2982
764	299	83	95	1	kiki	2982
608	359	105	104	1	kiki	2982
622	275	59	67	0	buba	2982
446	156	76	77	0	buba	2982
505	229	54	53	0	buba	2982
582	353	105	110	1	kiki	3100
593	263	66	67	0	buba	3100
416	130	76	86	0	buba	3100
743	316	81	76	1	kiki	3100
475	223	63	59	0	buba	3100
433	119	102	84	0	buba	3100
1462	162	98	312	4	ladder	3100
409	149	75	83	0	buba	3215
586	262	66	72	0	buba	3215
744	290	81	96	1	kiki	3215
1438	171	111	299	4	ladder	3215
461	223	66	59	0	buba	3215
544	370	113	117	1	kiki	3336
776	336	80	90	1	kiki	3336
468	222	60	65	0	buba	3336
1433	191	82	305	4	ladder	3336
591	316	56	57	0	buba	3336
1705	421	98	368	4	ladder	3336
1428	198	81	312	4	ladder	3466
457	251	62	71	0	buba	3466
1683	440	102	337	4	ladder	3466
388	145	72	72	0	buba	3466
579	327	59	56	0	buba	3466
786	380	91	89	1	kiki	3466
406	225	55	51	0	buba	3466
1410	205	90	302	4	ladder	3581
573	323	73	73	0	buba	3581
345	135	88	78	0	buba	3581
1664	439	106	346	4	ladder	3581
385	225	73	62	0	buba	3581
442	281	59	62	0	buba	3581
473	403	85	74	1	kiki	3581
357	226	71	71	0	buba	3701
453	396	100	97	1	kiki	3701
581	307	61	80	0	buba	3701
415	282	66	67	0	buba	3701
1401	212	87	303	4	ladder	3701
330	140	70	75	0	buba	3701
1665	457	97	347	4	ladder	3701
447	388	103	109	1	kiki	3815
342	242	72	69	0	buba	3815
1395	214	91	294	4	ladder	3815
570	302	65	76	0	buba	3815
1651	473	84	327	4	ladder	3815
330	173	59	51	0	buba	3815
403	273	70	68	0	buba	3815
1392	207	93	304	4	ladder	3953
441	385	105	110	1	kiki	3953
342	243	71	68	0	buba	3953
567	302	66	76	0	buba	3953
1634	463	92	344	4	ladder	3953
402	277	71	67	0	buba	3953
1391	211	91	295	4	ladder	4099
437	385	112	111	1	kiki	4099
342	243	70	66	0	buba	4099
1628	465	103	338	4	ladder	4099
568	304	66	75	0	buba	4099
402	278	70	66	0	buba	4099
438	388	113	111	1	kiki	4230
343	243	71	67	0	buba	4230
1393	216	88	289	4	ladder	4230
1625	467	106	339	4	ladder	4230
570	304	66	75	0	buba	4230
403	277	70	66	0	buba	4230
440	386	110	114	1	kiki	4367
345	244	71	67	0	buba	4367
1396	215	87	290	4	ladder	4367
1627	467	95	334	4	ladder	4367
570	302	66	76	0	buba	4367
403	276	71	67	0	buba	4367
326	162	67	73	0	buba	4367
347	243	69	67	0	buba	4498
444	384	109	114	1	kiki	4498
1394	212	93	295	4	ladder	4498
573	304	63	72	0	buba	4498
1626	463	100	309	4	ladder	4498
326	165	68	69	0	buba	4498
410	278	67	73	0	buba	4498
347	243	69	66	0	buba	4624
1394	212	96	299	4	ladder	4624
574	303	64	75	0	buba	4624
448	387	109	109	1	kiki	4624
1629	459	94	345	4	ladder	4624
326	166	69	66	0	buba	4624
410	278	67	73	0	buba	4624
348	244	69	65	0	buba	4759
573	301	66	77	0	buba	4759
1393	216	96	296	4	ladder	4759
1627	450	103	363	4	ladder	4759
326	168	69	64	0	buba	4759
446	387	115	104	1	kiki	4759
411	279	67	73	0	buba	4759
348	244	68	65	0	buba	4887
573	299	67	80	0	buba	4887
1393	220	96	290	4	ladder	4887
1629	465	106	350	4	ladder	4887
450	388	100	105	1	kiki	4887
326	169	69	62	0	buba	4887
411	279	66	73	0	buba	4887
348	244	69	65	0	buba	5032
574	299	67	80	0	buba	5032
1392	219	96	290	4	ladder	5032
1629	467	98	344	4	ladder	5032
451	386	94	105	1	kiki	5032
329	175	61	50	0	buba	5032
410	278	68	74	0	buba	5032
347	244	70	65	0	buba	5153
573	299	67	80	0	buba	5153
1394	218	92	292	4	ladder	5153
1630	475	97	326	4	ladder	5153
328	176	62	50	0	buba	5153
452	385	93	104	1	kiki	5153
410	278	69	74	0	buba	5153
346	243	71	66	0	buba	5293
572	300	69	79	0	buba	5293
1396	220	92	289	4	ladder	5293
1633	479	88	315	4	ladder	5293
328	176	62	50	0	buba	5293
409	278	70	75	0	buba	5293
452	387	93	101	1	kiki	5293
571	303	71	75	0	buba	5432
343	242	75	66	0	buba	5432
1630	477	96	311	4	ladder	5432
450	385	97	108	1	kiki	5432
1394	222	93	314	4	ladder	5432
407	281	74	76	0	buba	5432
577	306	64	69	0	buba	5557
1386	220	102	297	4	ladder	5557
1632	480	90	318	4	ladder	5557
345	240	75	63	0	buba	5557
451	384	93	108	1	kiki	5557
1630	472	103	346	4	ladder	5691
1626	473	103	345	4	ladder	5837
1421	203	85	310	4	ladder	7122
1419	198	87	302	4	ladder	7254
1421	202	81	289	4	ladder	7389
1651	446	106	381	4	ladder	7389
1428	197	76	291	4	ladder	7528
1655	444	99	341	4	ladder	7528
1659	445	89	316	4	ladder	7659
1438	184	97	317	4	ladder	7659
1662	431	97	361	4	ladder	7794
1465	176	96	335	4	ladder	7794
1684	442	101	318	4	ladder	7927
1711	452	91	312	4	ladder	8062
1080	212	160	293	5	altar	8062
1105	289	142	218	5	altar	8190
1129	272	153	249	5	altar	8329
1158	258	146	285	5	altar	8455
1161	220	186	364	5	altar	8594
1193	308	179	261	5	altar	8726
310	134	81	59	0	buba	9129
330	151	73	57	0	buba	9253
646	116	86	60	0	buba	9253
351	166	73	57	0	buba	9398
668	130	92	61	0	buba	9398
379	180	68	58	0	buba	9532
700	143	78	66	0	buba	9532
406	192	69	59	0	buba	9657
726	158	75	61	0	buba	9657
536	121	75	73	0	buba	9657
327	287	62	80	0	buba	9794
436	204	55	57	0	buba	9794
346	302	70	70	0	buba	9914
461	211	59	54	0	buba	9914
373	309	70	67	0	buba	10031
487	221	62	53	0	buba	10031
809	187	66	59	0	buba	10031
614	140	66	77	0	buba	10031
405	313	72	68	0	buba	10159
521	222	64	57	0	buba	10159
847	195	58	48	0	buba	10159
572	116	67	36	0	buba	10159
434	312	73	66	0	buba	10280
553	223	63	61	0	buba	10280
875	202	61	44	0	buba	10280
604	119	64	34	0	buba	10280
404	117	87	49	0	buba	10280
473	316	65	67	0	buba	10398
579	225	62	60	0	buba	10398
433	115	88	58	0	buba	10398
908	193	55	52	0	buba	10398
499	319	71	70	0	buba	10520
615	226	63	62	0	buba	10520
469	119	83	60	0	buba	10520
927	169	66	85	0	buba	10520
525	325	65	70	0	buba	10646
636	235	66	59	0	buba	10646
496	122	81	64	0	buba	10646
691	117	69	54	0	buba	10646
765	155	64	81	0	buba	10646
553	333	62	71	0	buba	10764
710	116	74	60	0	buba	10764
517	128	86	70	0	buba	10764
662	244	58	58	0	buba	10764
995	185	73	59	0	buba	10764
788	169	72	82	1	kiki	10764
572	348	69	66	0	buba	10880
732	124	76	64	0	buba	10880
546	142	70	60	0	buba	10880
687	253	61	60	0	buba	10880
1021	207	73	58	0	buba	10880
699	252	71	68	0	buba	10998
1054	212	67	65	0	buba	10998
585	361	74	64	0	buba	10998
564	158	72	53	0	buba	10998
758	143	64	56	0	buba	10998
761	161	63	48	0	buba	11119
591	378	69	59	0	buba	11119
572	177	61	48	0	buba	11119
683	253	63	62	0	buba	11119
1074	219	72	69	0	buba	11119
582	374	65	69	0	buba	11248
555	174	75	59	0	buba	11248
752	163	66	54	0	buba	11248
662	267	59	71	0	buba	11248
1085	226	72	77	1	kiki	11248
535	162	76	79	0	buba	11365
559	358	71	78	0	buba	11365
732	172	73	56	0	buba	11365
1082	243	61	73	0	buba	11365
645	298	62	65	0	buba	11365
527	150	78	79	0	buba	11482
726	181	70	62	0	buba	11482
631	310	69	67	0	buba	11482
562	355	73	64	0	buba	11482
624	320	66	70	0	buba	11598
728	195	64	58	0	buba	11598
578	403	60	63	0	buba	11598
1063	163	80	102	1	kiki	11598
537	178	72	53	0	buba	11598
731	201	63	65	0	buba	11715
627	331	66	72	0	buba	11715
590	407	53	68	0	buba	11715
553	195	57	55	0	buba	11715
724	187	72	63	0	buba	11832
1090	293	58	69	0	buba	11832
599	415	76	73	0	buba	11832
558	193	68	67	0	buba	11832
644	382	56	58	0	buba	11832
711	201	66	64	0	buba	11948
560	180	76	73	0	buba	11948
600	414	101	79	1	kiki	11948
809	270	72	89	2	signpost	11948
1082	300	62	74	0	buba	11948
705	238	60	62	0	buba	12066
1053	306	61	69	0	buba	12066
609	444	70	62	0	buba	12066
796	274	67	89	2	signpost	12066
601	459	65	65	0	buba	12181
693	246	54	56	0	buba	12181
563	212	51	53	0	buba	12181
680	228	65	66	0	buba	12300
590	453	65	61	0	buba	12300
551	208	55	53	0	buba	12300
682	210	72	69	0	buba	12420
551	183	67	61	0	buba	12420
590	432	93	64	0	buba	12420
753	264	64	86	2	signpost	12420
622	414	72	62	0	buba	12551
1018	184	79	110	1	kiki	12551
703	222	66	70	0	buba	12551
566	172	66	59	0	buba	12551
979	414	43	47	0	buba	12551
642	433	68	59	0	buba	12667
583	201	62	50	0	buba	12667
728	228	77	84	0	buba	12667
659	414	64	63	0	buba	12783
596	182	66	57	0	buba	12783
690	394	71	60	0	buba	12899
623	163	70	59	0	buba	12899
780	210	89	99	1	kiki	12899
722	368	66	69	0	buba	13015
643	149	69	57	0	buba	13015
785	178	106	124	1	kiki	13015
726	389	70	65	0	buba	13134
652	154	69	63	0	buba	13134
801	190	82	91	1	kiki	13134
761	319	50	60	0	buba	13134
727	370	64	68	0	buba	13247
646	152	66	64	0	buba	13247
996	216	94	117	1	kiki	13247
790	177	81	88	1	kiki	13247
720	352	75	66	0	buba	13364
636	137	68	64	0	buba	13364
788	161	72	98	1	kiki	13364
717	332	71	74	0	buba	13482
624	123	75	66	0	buba	13482
945	207	87	121	1	kiki	13482
775	147	76	99	1	kiki	13482
612	122	77	64	0	buba	13603
714	356	67	61	0	buba	13603
589	125	83	70	0	buba	13732
700	353	55	50	0	buba	13732
901	259	70	93	0	buba	13732
737	129	88	88	1	kiki	13732
676	321	70	70	0	buba	13848
710	119	98	80	0	buba	13848
875	228	82	98	0	buba	13848
577	118	84	61	0	buba	13848
863	248	79	102	1	kiki	13967
667	301	70	75	0	buba	13967
858	275	76	103	1	kiki	14081
655	280	90	95	1	kiki	14081
657	308	73	72	0	buba	14205
852	296	71	81	0	buba	14205
669	285	73	67	0	buba	14331
851	248	83	116	1	kiki	14331
688	272	70	67	0	buba	14449
325	280	75	94	1	kiki	14449
915	303	79	109	1	kiki	14565
390	293	98	89	1	kiki	14565
735	281	64	69	0	buba	14682
933	303	82	106	1	kiki	14682
428	289	78	94	1	kiki	14682
740	208	77	72	0	buba	14682
441	269	82	94	1	kiki	14798
749	272	64	64	0	buba	14798
942	295	78	101	1	kiki	14798
755	236	70	78	0	buba	14915
327	182	121	121	1	kiki	14915
943	273	72	109	1	kiki	14915
453	229	83	102	1	kiki	14915
933	263	75	107	1	kiki	15032
386	189	109	110	1	kiki	15032
755	224	65	85	0	buba	15032
404	211	92	99	1	kiki	15151
915	239	66	85	0	buba	15151
385	202	88	107	1	kiki	15266
889	223	74	97	1	kiki	15266
738	199	52	56	0	buba	15266
859	207	80	112	1	kiki	15380
487	197	81	99	1	kiki	15380
390	198	84	86	1	kiki	15380
702	219	64	77	1	kiki	15380
829	204	84	111	1	kiki	15498
680	215	68	75	1	kiki	15498
508	215	88	112	1	kiki	15498
457	224	88	108	1	kiki	15616
804	209	80	106	1	kiki	15616
665	209	65	66	0	buba	15616
644	205	67	68	0	buba	15732
787	201	74	108	1	kiki	15732
414	232	112	143	1	kiki	15732
625	227	58	73	0	buba	15848
780	231	77	103	1	kiki	15848
380	222	111	152	1	kiki	15965
775	271	85	108	1	kiki	15965
754	316	78	84	1	kiki	16081
1281	197	226	352	5	altar	16081
744	302	77	94	1	kiki	16200
583	329	54	63	0	buba	16200
572	251	60	76	0	buba	16200
754	320	82	98	1	kiki	16316
562	263	58	81	0	buba	16316
551	320	59	88	0	buba	16432
414	287	71	114	1	kiki	16432
767	359	94	104	1	kiki	16432
763	404	89	78	1	kiki	16549
564	311	58	88	0	buba	16670
776	392	78	96	1	kiki	16670
566	399	60	50	0	buba	16670
574	400	65	63	0	buba	16798
568	308	63	76	0	buba	16798
802	394	83	105	1	kiki	16798
821	404	99	117	1	kiki	16916
554	364	116	127	1	kiki	17030
848	393	104	140	1	kiki	17030
583	389	85	114	1	kiki	17149
635	403	70	71	0	buba	17149
331	353	69	136	1	kiki	17149
512	165	65	59	0	buba	17276
642	402	105	102	1	kiki	17276
891	457	90	91	1	kiki	17276
338	162	68	59	0	buba	17276
354	159	72	73	0	buba	17400
738	428	70	82	0	buba	17400
657	397	60	47	0	buba	17400
525	148	79	89	0	buba	17400
684	430	69	75	0	buba	17400
675	405	64	62	0	buba	17516
367	146	80	82	0	buba	17516
766	452	72	70	0	buba	17516
513	412	69	107	1	kiki	17516
516	137	108	93	1	kiki	17516
969	504	110	89	1	kiki	17516
536	422	68	111	1	kiki	17633
696	403	80	63	0	buba	17633
598	189	59	54	0	buba	17633
777	457	89	86	1	kiki	17633
449	203	56	58	0	buba	17749
741	405	73	66	0	buba	17749
790	459	96	88	1	kiki	17749
621	209	56	64	0	buba	17749
474	206	63	61	0	buba	17867
645	210	68	70	0	buba	17867
1048	521	94	102	1	kiki	17867
821	464	85	82	1	kiki	17867
503	201	77	70	0	buba	17984
686	435	98	96	1	kiki	17984
681	224	66	61	0	buba	17984
1049	524	109	108	1	kiki	17984
844	452	105	108	1	kiki	17984
714	245	67	66	0	buba	18099
716	446	93	97	1	kiki	18099
535	220	71	62	0	buba	18099
860	447	128	133	1	kiki	18099
1078	543	91	100	1	kiki	18099
741	283	59	68	0	buba	18216
575	254	63	67	0	buba	18216
886	461	116	122	1	kiki	18216
1117	554	95	92	1	kiki	18216
756	438	75	83	0	buba	18216
792	429	92	103	1	kiki	18332
767	295	62	64	0	buba	18332
599	275	61	66	0	buba	18332
1115	556	106	127	1	kiki	18332
799	300	63	71	0	buba	18450
625	288	70	58	0	buba	18450
1147	593	85	97	1	kiki	18450
841	425	79	100	1	kiki	18450
903	503	95	89	0	buba	18450
667	291	71	63	0	buba	18575
930	496	65	76	0	buba	18575
705	323	72	71	0	buba	18703
730	351	65	64	0	buba	18832
972	443	64	125	1	kiki	18832
880	381	57	85	0	buba	18832
919	463	71	114	1	kiki	18832
756	364	66	63	0	buba	18950
903	395	58	72	0	buba	18950
792	371	67	64	0	buba	19065
935	413	60	67	0	buba	19065
1229	595	79	102	1	kiki	19065
829	393	78	71	0	buba	19181
958	436	55	61	0	buba	19181
863	419	70	67	0	buba	19305
982	443	65	61	0	buba	19305
1076	590	73	73	0	buba	19305
1106	578	69	75	0	buba	19305
1015	440	58	66	0	buba	19450
1103	588	73	80	0	buba	19450
904	424	50	54	0	buba	19450
929	417	62	70	0	buba	19567
1048	401	56	81	0	buba	19567
954	415	72	75	0	buba	19680
1133	582	69	69	0	buba	19680
977	371	72	106	0	buba	19799
979	354	73	84	0	buba	20032
1017	347	63	76	0	buba	20032
1144	359	67	68	0	buba	20032
1163	374	78	68	0	buba	20149
1297	457	90	107	0	buba	20149
1184	558	64	65	0	buba	20149
861	442	73	79	1	kiki	20149
1016	237	82	174	1	kiki	20149
1319	461	84	90	1	kiki	20266
1209	496	60	82	0	buba	20266
875	450	62	81	1	kiki	20266
1056	292	80	86	0	buba	20266
1368	471	109	88	1	kiki	20382
1398	464	96	87	1	kiki	20499
1134	397	125	151	1	kiki	20499
1208	365	62	72	0	buba	20499
1094	346	57	61	0	buba	20499
1404	434	97	100	1	kiki	20617
912	461	75	78	1	kiki	20617
1237	414	65	75	0	buba	20733
920	432	70	103	1	kiki	20733
1065	203	78	96	2	signpost	20733
1203	333	77	70	0	buba	20733
927	437	85	90	1	kiki	20849
1398	408	87	105	1	kiki	20849
1226	440	64	62	0	buba	20849
1195	331	61	51	0	buba	20849
1043	384	92	91	1	kiki	20849
1207	459	64	59	0	buba	20966
1178	327	60	53	0	buba	20966
1354	380	93	99	1	kiki	20966
1178	450	66	68	0	buba	21082
1041	295	65	61	0	buba	21082
955	332	83	98	1	kiki	21082
1156	308	58	74	0	buba	21082
1283	381	98	107	1	kiki	21082
1147	445	60	70	0	buba	21199
910	326	78	102	1	kiki	21199
1226	388	84	114	1	kiki	21199
1006	288	61	63	0	buba	21199
983	181	75	89	1	kiki	21199
950	277	72	76	0	buba	21315
1085	437	56	71	0	buba	21315
928	177	79	86	2	signpost	21315
906	232	62	88	0	buba	21434
1087	384	79	109	1	kiki	21434
785	356	98	85	1	kiki	21434
965	202	65	122	0	buba	21548
844	202	79	152	1	kiki	21548
935	221	66	82	0	buba	21665
780	160	82	123	0	buba	21789
909	257	59	82	0	buba	21789
748	183	78	86	0	buba	21917
900	393	74	94	0	buba	21917
913	359	78	98	0	buba	21917
627	394	99	107	1	kiki	21917
710	232	66	66	0	buba	22032
583	376	101	132	1	kiki	22032
566	393	67	98	1	kiki	22149
659	259	60	67	0	buba	22149
522	361	79	100	1	kiki	22149
635	155	76	84	1	kiki	22149
772	280	61	77	0	buba	22149
576	153	75	86	1	kiki	22266
599	260	60	65	0	buba	22266
700	334	67	71	0	buba	22266
710	272	61	72	0	buba	22266
630	410	87	85	1	kiki	22388
392	327	88	120	1	kiki	22388
556	356	48	57	0	buba	22388
539	257	51	62	0	buba	22388
588	396	87	97	1	kiki	22516
495	251	60	69	0	buba	22516
373	350	90	107	1	kiki	22516
560	398	91	93	1	kiki	22633
468	242	70	68	0	buba	22633
332	347	91	109	1	kiki	22633
468	240	67	73	0	buba	22749
558	368	97	102	1	kiki	22749
414	132	80	89	1	kiki	22864
476	262	51	61	0	buba	22864
560	344	65	78	0	buba	22864
550	347	95	104	1	kiki	22984
475	245	52	61	0	buba	22984
480	219	67	64	0	buba	23098
571	353	76	88	1	kiki	23098
494	194	69	71	0	buba	23217
575	325	82	90	1	kiki	23217
333	270	82	102	1	kiki	23331
587	278	80	89	1	kiki	23331
614	206	86	78	0	buba	23331
507	203	83	77	0	buba	23331
631	260	83	102	1	kiki	23448
517	256	103	91	1	kiki	23448
332	228	102	96	1	kiki	23448
512	171	58	52	0	buba	23448
545	238	110	99	1	kiki	23565
640	260	99	93	1	kiki	23565
514	126	81	67	0	buba	23565
416	203	82	122	1	kiki	23681
636	228	94	99	1	kiki	23681
590	231	77	95	1	kiki	23805
419	193	81	99	1	kiki	23805
664	186	89	102	1	kiki	23805
421	173	90	107	1	kiki	23931
595	200	91	105	1	kiki	23931
704	197	99	112	1	kiki	23931
625	215	102	102	1	kiki	24049
712	229	93	99	1	kiki	24049
641	114	81	67	0	buba	24049
508	186	73	117	1	kiki	24165
659	208	124	138	1	kiki	24165
486	184	85	103	1	kiki	24282
636	234	99	97	1	kiki	24282
448	151	100	158	0	buba	24404
731	224	96	99	1	kiki	24404
745	247	95	105	1	kiki	24532
574	177	122	135	0	buba	24532
719	225	96	109	1	kiki	24650
564	185	103	112	1	kiki	24650
426	158	76	88	1	kiki	24650
1490	618	52	61	0	buba	24882
624	172	123	131	1	kiki	24882
410	112	90	79	1	kiki	25001
611	168	89	96	1	kiki	25001
1443	602	46	51	0	buba	25001
1411	576	52	59	0	buba	25115
1731	869	60	76	0	buba	25115
508	116	97	73	1	kiki	25231
1650	824	55	75	0	buba	25348
1354	548	55	60	0	buba	25348
433	112	129	96	1	kiki	25474
1341	546	52	64	0	buba	25474
1626	820	48	60	0	buba	25474
444	145	75	91	1	kiki	25598
1590	815	64	58	0	buba	25598
454	146	76	97	1	kiki	25715
316	112	98	101	1	kiki	25832
489	153	101	116	1	kiki	25832
1580	827	53	58	0	buba	25950
562	191	127	123	1	kiki	25950
610	266	79	88	1	kiki	26065
445	201	83	115	1	kiki	26065
635	278	80	90	1	kiki	26182
465	218	91	106	1	kiki	26182
532	217	89	119	1	kiki	26298
687	276	93	102	1	kiki	26298
617	269	100	113	1	kiki	26417
730	366	73	89	1	kiki	26649
866	392	73	116	0	buba	26773
951	396	107	98	0	buba	27031
1020	514	86	100	1	kiki	27264
896	424	116	127	0	buba	27264
1051	503	99	140	1	kiki	27381
958	478	71	95	1	kiki	27381
571	122	90	76	0	buba	27504
1079	526	113	144	1	kiki	27504
1061	542	183	111	1	kiki	27631
385	116	101	91	0	buba	27631
607	164	60	47	0	buba	27631
624	172	69	60	0	buba	27749
1141	542	105	137	1	kiki	27749
634	167	73	71	0	buba	27866
409	145	79	59	0	buba	27866
1141	541	114	147	1	kiki	27866
641	160	79	77	0	buba	27984
1146	542	133	142	1	kiki	27984
427	163	75	59	0	buba	27984
438	168	80	67	0	buba	28098
1133	569	179	139	1	kiki	28098
654	173	71	63	0	buba	28098
449	158	77	74	0	buba	28215
680	199	62	65	0	buba	28215
1237	597	84	90	1	kiki	28215
692	203	68	70	0	buba	28331
1149	603	102	100	1	kiki	28331
456	164	77	69	0	buba	28331
689	193	72	80	0	buba	28450
459	209	70	52	0	buba	28450
456	205	70	69	0	buba	28566
671	188	79	67	0	buba	28566
430	190	75	76	0	buba	28682
660	230	59	53	0	buba	28682
394	184	75	65	0	buba	28799
639	225	59	55	0	buba	28799
615	123	79	81	0	buba	28799
1407	877	97	108	1	kiki	28799
1027	580	98	98	1	kiki	28799
594	204	76	69	0	buba	28915
357	209	72	58	0	buba	28915
1173	638	84	85	1	kiki	28915
551	194	82	63	0	buba	29033
328	205	68	68	0	buba	29033
510	225	67	45	0	buba	29168
986	541	142	123	1	kiki	29168
482	208	65	62	0	buba	29282
1664	652	146	322	5	altar	29282
443	192	62	69	0	buba	29397
389	167	72	74	0	buba	29520
348	189	65	53	0	buba	29650
322	188	60	63	0	buba	29767
353	119	95	84	0	buba	29883
861	482	67	82	0	buba	30000
341	116	87	82	0	buba	30000
847	472	68	83	0	buba	30115
712	416	82	97	1	kiki	30115
717	373	102	102	1	kiki	30233
802	496	85	80	1	kiki	30349
787	482	82	80	1	kiki	30467
680	292	78	115	1	kiki	30697
749	464	75	83	1	kiki	30697
723	444	91	97	1	kiki	30815
706	429	99	96	1	kiki	30932
1465	232	95	334	4	ladder	31049
710	445	104	86	1	kiki	31049
706	462	83	91	1	kiki	31167
1452	224	97	344	4	ladder	31167
1697	496	102	370	4	ladder	31285
1439	234	102	332	4	ladder	31285
1441	233	97	331	4	ladder	31397
1678	519	100	329	4	ladder	31745
1449	255	99	343	4	ladder	31745
1683	514	97	338	4	ladder	31861
1451	257	97	343	4	ladder	31861
1453	256	93	343	4	ladder	31980
1687	492	94	378	4	ladder	32095
1454	261	92	330	4	ladder	32095
1455	263	93	323	4	ladder	32421
